# k[h/Mpc] P0 [Mpc/h]**3
1.298488712766104371e-03 -4.652216406250000000e+04
2.965361617888057685e-03 3.565012500000000000e+04
4.854049226985527633e-03 2.790901562500000000e+04
6.720244566818541106e-03 5.080400781250000000e+04
8.597515352355766111e-03 4.073195312500000000e+04
1.047809779095809114e-02 2.988133593750000000e+04
1.240321517827958422e-02 2.296814843750000000e+04
1.430933052904255834e-02 2.748225000000000000e+04
1.619877053526799782e-02 3.579271093750000000e+04
1.809619414317354541e-02 3.867300781250000000e+04
1.999707901352381148e-02 3.583864062500000000e+04
2.189993999316269466e-02 3.804356250000000000e+04
2.381046017962452910e-02 3.084879687500000000e+04
2.572181227691713867e-02 3.054317968750000000e+04
2.762477253079017106e-02 3.018709375000000000e+04
2.951928712807905600e-02 3.347807812500000000e+04
3.142385686862126520e-02 3.175368750000000000e+04
3.332647830024502295e-02 2.875037500000000000e+04
3.522548348038918170e-02 2.645964062500000000e+04
3.712740272445777534e-02 2.640467187500000000e+04
3.903086137646959858e-02 2.373692187500000000e+04
4.093863654708914529e-02 2.087247656250000000e+04
4.284642241033356086e-02 2.036156250000000000e+04
4.474593847749842868e-02 1.728989062500000000e+04
4.664614008170724774e-02 1.951332031250000000e+04
4.855568057015325484e-02 2.110642187500000000e+04
5.046539201020190657e-02 1.622393750000000000e+04
5.236763904132660935e-02 1.467131250000000000e+04
5.426115357152833107e-02 1.557640625000000000e+04
5.616003886578275345e-02 1.619557812500000000e+04
5.806777129676638644e-02 1.769075781250000000e+04
5.997865711725583471e-02 1.739512500000000000e+04
6.188668768836667888e-02 1.700873437500000000e+04
6.378625273818602781e-02 1.642396875000000000e+04
6.568809324308949593e-02 1.480251562500000000e+04
6.758913791514066516e-02 1.407297656250000000e+04
6.949622496015687989e-02 1.662059375000000000e+04
7.140641403159199430e-02 1.575058593750000000e+04
7.330689608911866717e-02 1.451046875000000000e+04
7.520528671729113934e-02 1.332206250000000000e+04
7.710662269574196370e-02 1.078985156250000000e+04
7.901269546233377628e-02 1.139773437500000000e+04
8.092043035649845728e-02 1.349142968750000000e+04
8.282534731339606660e-02 1.311007812500000000e+04
8.473013807166697442e-02 1.177727343750000000e+04
8.663305721416267313e-02 9.637960937500000000e+03
8.853523872589195987e-02 9.279367187500000000e+03
9.043900200626439623e-02 9.573281250000000000e+03
9.234341110152492760e-02 9.628710937500000000e+03
9.424690513548250603e-02 8.515625000000000000e+03
9.615152147331712529e-02 8.262234375000000000e+03
9.805670922708907555e-02 8.942945312500000000e+03
9.995956417391547999e-02 8.260593750000000000e+03
1.018649685841427760e-01 7.721085937500000000e+03
1.037692983836718541e-01 7.329812500000000000e+03
1.056717046009150035e-01 7.937460937500000000e+03
1.075749255390079512e-01 7.924476562500000000e+03
1.094797812541287718e-01 6.709273437500000000e+03
1.113852228349879042e-01 6.106742187500000000e+03
1.132865209710806204e-01 6.011640625000000000e+03
1.151893770209188872e-01 5.891742187500000000e+03
1.170961194440425651e-01 6.825929687500000000e+03
1.190030014878837028e-01 5.584476562500000000e+03
1.209046394395683899e-01 5.819000000000000000e+03
1.228056378732949594e-01 5.969484375000000000e+03
1.247098728335577916e-01 5.979437500000000000e+03
1.266169897530260158e-01 6.223515625000000000e+03
1.285211279423763009e-01 6.900437500000000000e+03
1.304215250007954852e-01 6.155390625000000000e+03
1.323248605773286735e-01 6.465781250000000000e+03
1.342287258187047638e-01 5.873476562500000000e+03
1.361341203254309018e-01 5.807015625000000000e+03
1.380407488144945738e-01 6.444140625000000000e+03
1.399453378963110006e-01 5.432757812500000000e+03
1.418499950132129650e-01 6.077156250000000000e+03
1.437526985920829781e-01 5.595648437500000000e+03
1.456559637643960459e-01 5.742507812500000000e+03
1.475601578156437999e-01 5.557554687500000000e+03
1.494614354597711414e-01 4.999007812500000000e+03
1.513648983376245372e-01 4.606812500000000000e+03
1.532703469947142849e-01 4.660054687500000000e+03
1.551742453274421174e-01 4.040445312500000000e+03
1.570792975923988588e-01 3.620578125000000000e+03
1.589838860849519253e-01 3.349898437500000000e+03
1.608874853862360399e-01 3.510578125000000000e+03
1.627914434121703890e-01 3.220585937500000000e+03
1.646952795559804283e-01 3.925390625000000000e+03
1.665996722177593148e-01 3.820250000000000000e+03
1.685019747014586955e-01 2.963148437500000000e+03
1.704046829853203271e-01 3.519304687500000000e+03
1.723088412349581544e-01 3.497773437500000000e+03
1.742143775383245830e-01 3.690703125000000000e+03
1.761207238548337106e-01 3.651851562500000000e+03
1.780259297522003292e-01 2.852507812500000000e+03
1.799292516412670795e-01 3.195523437500000000e+03
1.818319488138699092e-01 2.704039062500000000e+03
1.837360797724123251e-01 2.686765625000000000e+03
1.856399266763797962e-01 3.070921875000000000e+03
1.875422618141707187e-01 3.459429687500000000e+03
1.894450928134258361e-01 3.291843750000000000e+03
1.913502462578216268e-01 2.400476562500000000e+03
1.932556588299534917e-01 2.490492187500000000e+03
1.951610200715621357e-01 2.814031250000000000e+03
1.970643966385980939e-01 2.737671875000000000e+03
1.989667019343017706e-01 2.352375000000000000e+03
2.008698978803424851e-01 2.606101562500000000e+03
2.027750912071919209e-01 2.278257812500000000e+03
2.046795157551944688e-01 1.974164062500000000e+03
2.065812564069997581e-01 2.105265625000000000e+03
2.084848438005267868e-01 2.257195312500000000e+03
2.103896958184850174e-01 2.407984375000000000e+03
2.122948628778092706e-01 1.911546875000000000e+03
2.141995843457657200e-01 1.876750000000000000e+03
2.161034157528179400e-01 2.035632812500000000e+03
2.180079784333731618e-01 2.201976562500000000e+03
2.199116392000633469e-01 2.578828125000000000e+03
2.218155613480477240e-01 1.900640625000000000e+03
2.237197238265785648e-01 1.722507812500000000e+03
2.256223797600907244e-01 1.588976562500000000e+03
2.275255455282813588e-01 1.508960937500000000e+03
2.294299327176784753e-01 1.937390625000000000e+03
2.313349805803802117e-01 1.759351562500000000e+03
2.332395825974360459e-01 1.869867187500000000e+03
2.351441988399967653e-01 2.100882812500000000e+03
2.370476112259239376e-01 1.616898437500000000e+03
2.389507202027499333e-01 1.184359375000000000e+03
2.408539125476167053e-01 1.286968750000000000e+03
2.427579912519116090e-01 1.833757812500000000e+03
