# k[h/Mpc] P0 [Mpc/h]**3
1.298488712766104371e-03 -4.275587890625000000e+04
2.965361617888057685e-03 9.899714843750000000e+03
4.854049226985527633e-03 4.934227734375000000e+04
6.720244566818541106e-03 3.582004296875000000e+04
8.597515352355766111e-03 4.076787890625000000e+04
1.047809779095809114e-02 5.138348828125000000e+04
1.240321517827958422e-02 4.332449609375000000e+04
1.430933052904255834e-02 3.784541015625000000e+04
1.619877053526799782e-02 3.309222265625000000e+04
1.809619414317354541e-02 3.641654296875000000e+04
1.999707901352381148e-02 3.663259765625000000e+04
2.189993999316269466e-02 3.806793359375000000e+04
2.381046017962452910e-02 3.466961328125000000e+04
2.572181227691713867e-02 3.634305859375000000e+04
2.762477253079017106e-02 3.038803515625000000e+04
2.951928712807905600e-02 3.128244921875000000e+04
3.142385686862126520e-02 2.779185546875000000e+04
3.332647830024502295e-02 2.594344921875000000e+04
3.522548348038918170e-02 2.685287109375000000e+04
3.712740272445777534e-02 2.454323828125000000e+04
3.903086137646959858e-02 2.467164453125000000e+04
4.093863654708914529e-02 2.116071484375000000e+04
4.284642241033356086e-02 2.216368359375000000e+04
4.474593847749842868e-02 2.287665234375000000e+04
4.664614008170724774e-02 2.163886328125000000e+04
4.855568057015325484e-02 1.936702734375000000e+04
5.046539201020190657e-02 1.928519921875000000e+04
5.236763904132660935e-02 2.034705859375000000e+04
5.426115357152833107e-02 1.867885546875000000e+04
5.616003886578275345e-02 1.924988671875000000e+04
5.806777129676638644e-02 1.860220703125000000e+04
5.997865711725583471e-02 1.665451171875000000e+04
6.188668768836667888e-02 1.534119921875000000e+04
6.378625273818602781e-02 1.746476953125000000e+04
6.568809324308949593e-02 1.571541796875000000e+04
6.758913791514066516e-02 1.422042578125000000e+04
6.949622496015687989e-02 1.449131640625000000e+04
7.140641403159199430e-02 1.525663671875000000e+04
7.330689608911866717e-02 1.376404296875000000e+04
7.520528671729113934e-02 1.444719140625000000e+04
7.710662269574196370e-02 1.358860546875000000e+04
7.901269546233377628e-02 1.361980078125000000e+04
8.092043035649845728e-02 1.244324609375000000e+04
8.282534731339606660e-02 1.172364453125000000e+04
8.473013807166697442e-02 1.127399609375000000e+04
8.663305721416267313e-02 1.100332421875000000e+04
8.853523872589195987e-02 1.023316796875000000e+04
9.043900200626439623e-02 9.808964843750000000e+03
9.234341110152492760e-02 1.075661328125000000e+04
9.424690513548250603e-02 1.028816015625000000e+04
9.615152147331712529e-02 9.358347656250000000e+03
9.805670922708907555e-02 8.656207031250000000e+03
9.995956417391547999e-02 7.061667968750000000e+03
1.018649685841427760e-01 7.539425781250000000e+03
1.037692983836718541e-01 7.863511718750000000e+03
1.056717046009150035e-01 6.590113281250000000e+03
1.075749255390079512e-01 6.679699218750000000e+03
1.094797812541287718e-01 6.823347656250000000e+03
1.113852228349879042e-01 6.950183593750000000e+03
1.132865209710806204e-01 7.145496093750000000e+03
1.151893770209188872e-01 7.058371093750000000e+03
1.170961194440425651e-01 6.029871093750000000e+03
1.190030014878837028e-01 5.718902343750000000e+03
1.209046394395683899e-01 5.931675781250000000e+03
1.228056378732949594e-01 6.819847656250000000e+03
1.247098728335577916e-01 6.891152343750000000e+03
1.266169897530260158e-01 6.426230468750000000e+03
1.285211279423763009e-01 6.213566406250000000e+03
1.304215250007954852e-01 6.084199218750000000e+03
1.323248605773286735e-01 5.255285156250000000e+03
1.342287258187047638e-01 5.506238281250000000e+03
1.361341203254309018e-01 5.979886718750000000e+03
1.380407488144945738e-01 5.795582031250000000e+03
1.399453378963110006e-01 5.406878906250000000e+03
1.418499950132129650e-01 5.592769531250000000e+03
1.437526985920829781e-01 5.342441406250000000e+03
1.456559637643960459e-01 4.912691406250000000e+03
1.475601578156437999e-01 4.959472656250000000e+03
1.494614354597711414e-01 4.662355468750000000e+03
1.513648983376245372e-01 4.202980468750000000e+03
1.532703469947142849e-01 4.024105468750000000e+03
1.551742453274421174e-01 4.078738281250000000e+03
1.570792975923988588e-01 3.135191406250000000e+03
1.589838860849519253e-01 3.638378906250000000e+03
1.608874853862360399e-01 3.860167968750000000e+03
1.627914434121703890e-01 3.752292968750000000e+03
1.646952795559804283e-01 3.455457031250000000e+03
1.665996722177593148e-01 3.174199218750000000e+03
1.685019747014586955e-01 3.440035156250000000e+03
1.704046829853203271e-01 3.489355468750000000e+03
1.723088412349581544e-01 3.388347656250000000e+03
1.742143775383245830e-01 3.623089843750000000e+03
1.761207238548337106e-01 3.062652343750000000e+03
1.780259297522003292e-01 2.832660156250000000e+03
1.799292516412670795e-01 2.930472656250000000e+03
1.818319488138699092e-01 3.117339843750000000e+03
1.837360797724123251e-01 2.980964843750000000e+03
1.856399266763797962e-01 2.944410156250000000e+03
1.875422618141707187e-01 2.443003906250000000e+03
1.894450928134258361e-01 2.909511718750000000e+03
1.913502462578216268e-01 2.620683593750000000e+03
1.932556588299534917e-01 2.687785156250000000e+03
1.951610200715621357e-01 2.899824218750000000e+03
1.970643966385980939e-01 3.019503906250000000e+03
1.989667019343017706e-01 2.216113281250000000e+03
2.008698978803424851e-01 2.232394531250000000e+03
2.027750912071919209e-01 2.188847656250000000e+03
2.046795157551944688e-01 2.650136718750000000e+03
2.065812564069997581e-01 2.178785156250000000e+03
2.084848438005267868e-01 2.342507812500000000e+03
2.103896958184850174e-01 2.464089843750000000e+03
2.122948628778092706e-01 2.097656250000000000e+03
2.141995843457657200e-01 1.943078125000000000e+03
2.161034157528179400e-01 2.444507812500000000e+03
2.180079784333731618e-01 2.440441406250000000e+03
2.199116392000633469e-01 2.118265625000000000e+03
2.218155613480477240e-01 1.736828125000000000e+03
2.237197238265785648e-01 2.013417968750000000e+03
2.256223797600907244e-01 2.004167968750000000e+03
2.275255455282813588e-01 1.624617187500000000e+03
2.294299327176784753e-01 1.624925781250000000e+03
2.313349805803802117e-01 1.682695312500000000e+03
2.332395825974360459e-01 2.076871093750000000e+03
2.351441988399967653e-01 1.728941406250000000e+03
2.370476112259239376e-01 1.807859375000000000e+03
2.389507202027499333e-01 2.095308593750000000e+03
2.408539125476167053e-01 1.688757812500000000e+03
2.427579912519116090e-01 1.537687500000000000e+03
